-0.177310411202533 1.2582726505676753 -0.20316531635417237 -0.44699725130760604 0.544898515034863 -0.5033293749873885 0.4999386021413535
-0.20148446775881923 0.7901023330628437 -0.12228023863900922 -0.5545554975966132 0.6358372585085251 -0.4041425972139993 0.35333828252095606
-0.20059818312697708 0.8299063928191686 -0.12170302999068397 -0.5484381680011533 0.6399385700689483 -0.401886808800192 0.3580240150186109
-0.19645510951528627 0.8595890058371756 -0.10508990721073685 -0.5413768800394902 0.6454760410607872 -0.39666536039122335 0.3645933982409737
-0.20142109372175288 0.9126887753367059 -0.11712320920723274 -0.544257233446833 0.6405942169996007 -0.40159283753953634 0.36351933349467364
-0.20152985345562308 0.9263460278780552 -0.11710157999045989 -0.5444367863183073 0.6406592114310248 -0.401366815181142 0.36338552555559805
-0.20162494412995197 0.9399829207850531 -0.11697749648513071 -0.5446136627589127 0.6406968058711232 -0.40116177925094 0.3632805914869137
-0.16506278332786067 1.0209268095997508 -0.14339955345319472 -0.5369123270662741 0.6486117161252094 -0.4118123464836852 0.3484803954786988
-0.155180248747288 1.0471061372476584 -0.14864922837697142 -0.5379245229342132 0.6505001030687296 -0.4103818599340766 0.34507035886992576
-0.1511388166495847 1.0633294585312731 -0.15460037054712455 -0.5431911867293528 0.6493592921574314 -0.4070828255927463 0.3428693883329092
-0.15247319025185063 1.1000372351511047 -0.16201016717289335 -0.5421138458652731 0.6437624333465127 -0.4099178514025169 0.3516388241285135
-0.15490118299628056 1.129180581519152 -0.16755850184290724 -0.5373835447734804 0.636214114416702 -0.415527167656923 0.3657700088343437
-0.15801404298751606 1.1506854656391614 -0.17170928254550846 -0.5301214783489083 0.6276062139129173 -0.4228702510449976 0.38244268751304755
-0.12715392801024314 0.6562243678626318 -0.12325157977437168 -0.48944191165558887 0.5855547182636796 -0.49286839782787817 0.4179150983832076
-0.13059414867054892 0.6818861416725654 -0.14130851635125766 -0.48970776688764905 0.5847600261620118 -0.4903483353252903 0.4216639952576362
-0.13943699189303158 0.6590564743173635 -0.1823173575838748 -0.5063100159292918 0.5704661793512997 -0.49555552442927525 0.4155035838517366
-0.14444039637230818 0.7102464112347504 -0.20979550967517954 -0.5054530924079369 0.5740477711637776 -0.49535206209898197 0.41184057883049774
-0.14635136133247453 0.7037034527607758 -0.22555648427972705 -0.5070293962346772 0.5758160849660632 -0.4925958989145138 0.41073873450267195
-0.14692559290446613 0.7334235335957521 -0.2400902288526245 -0.505518095917643 0.5874690096574774 -0.4846169323265874 0.4055589307292237
-0.15536714994174317 0.744229877499819 -0.2670056997561 -0.5170103257351458 0.5824808708012645 -0.4828934131706658 0.40028778366348367
-0.15670726864765616 0.7808984898570144 -0.2800106002328704 -0.5116810862897294 0.5930151373488983 -0.4757504944638394 0.40022116364060806
-0.15816414740776796 0.8084105177397678 -0.28727219237607576 -0.5065234533621434 0.5979140484816701 -0.4702849430382812 0.4059123725311023
-0.16073990072898953 0.834901280445927 -0.2930045248046952 -0.5035282389473004 0.6004204311961434 -0.46547895967793185 0.4114413159637934
-0.17545716416428223 0.8654267618842314 -0.3350414186159222 -0.5220073709553009 0.588569391585525 -0.46938773329455846 0.4009607609100625
-0.18384911517558244 0.8720320995993902 -0.3605018233859524 -0.5282140966886569 0.5835361452511297 -0.47069194477235554 0.3986533937786765
-0.20099243764769678 0.917910302088796 -0.416373494316671 -0.5292732644777385 0.5806367136611406 -0.47248396975538914 0.3993616363423722
-0.20840274290442706 0.946313072156142 -0.4391952549114536 -0.5265329646514572 0.5830728673470209 -0.4706255535876427 0.40162253025620404
-0.21503168979622306 0.9749192625217821 -0.4609451260802106 -0.5234640519672704 0.5855652871912888 -0.468943491329133 0.403968665461362
-0.21932841073647416 0.9942732597233265 -0.47132807623261697 -0.518658849662762 0.5901715165869287 -0.46482726743002883 0.40819871402237146
-0.22774028068765212 1.0467742877308477 -0.49142749389157103 -0.5062306556625563 0.6034340907076421 -0.4529319273920498 0.41767270749741675
-0.2292688723032609 1.0494638203583933 -0.4841825504441301 -0.503829206961469 0.6064404215174022 -0.4484322999699103 0.4210636741706287
-0.23166979138684118 1.0665027892030605 -0.49422403472025256 -0.5042516633092033 0.6066047914112619 -0.44904334325441597 0.4196676815835339