0.0232289 -0.00220072 -0.024627780000000002 

0.028152280000000002 0.00190795 -0.02304396 

0.03408269 -0.0016676500000000001 -0.00960402 

0.041734389999999996 0.01898667 -0.00963265 

0.04400863 0.022341339999999998 0.0106657 

0.03698499 0.04568327 0.00921849 

0.03125143 0.0455954 0.02924016 

0.008211840000000001 0.061472969999999995 0.02144959 

-0.01413955 0.05307813 0.03662083 

-0.0281813 0.05392337 0.01631671 

-0.043051650000000004 0.028422339999999997 0.01626617 

-0.04267682 0.02358067 -0.0070300200000000005 

-0.038211930000000005 0.00387943 -0.005574150000000001 

-0.03277162 0.004158380000000001 -0.01911447 

-0.025690249999999998 -0.00133496 -0.02317032