0.02146634 -0.0033491 -0.01372445
0.03190747 0.00587475 -0.01208987
0.03703902 0.00950959 0.00326646
0.04288835 0.02706004 -0.00186637
0.04180804 0.03569908 0.019753
0.02983509 0.06128669 0.01623775
0.01437693 0.0632132 0.03637015
-0.00784309 0.07107955 0.02060402
-0.03016872 0.05509709 0.03097869
-0.03749514 0.05254243 0.01104645
-0.04267442 0.03014619 0.01623448
-0.04226456 0.02277255 -0.00379435
-0.03286787 0.00381259 0.00035266
-0.03010512 0.00402312 -0.01296904
-0.02005303 -0.00379431 -0.01496716