0.000000 0.000000 0.250000 0.000000 0.052024 0.113714 0.005963 0.992133
0.100000 0.009514 0.249497 0.031203 -0.043892 0.036420 -0.033292 0.997817
0.200000 0.018989 0.247989 0.059291 -0.062426 -0.033860 -0.061340 0.995587
0.300000 0.028388 0.245482 0.081458 -0.112118 -0.315889 -0.043933 0.941123
0.400000 0.037672 0.241987 0.095490 0.046608 -0.235291 -0.126917 0.962475
0.500000 0.046805 0.237518 0.099987 0.163678 0.143147 -0.132652 0.967017
0.600000 0.055749 0.232092 0.094500 0.118779 -0.242971 -0.200978 0.941522
0.700000 0.064469 0.225732 0.079576 -0.100968 -0.087207 -0.211057 0.968326
0.800000 0.072930 0.218462 0.056706 0.089055 0.028766 -0.249548 0.963830
0.900000 0.081096 0.210313 0.028173 -0.062712 -0.083150 -0.275187 0.955733
1.000000 0.088936 0.201318 -0.003173 -0.015864 0.013614 -0.312149 0.949803
1.100000 0.096418 0.191511 -0.034202 -0.121175 -0.032666 -0.340589 0.931799
1.200000 0.103512 0.180934 -0.061816 0.204232 -0.055836 -0.383638 0.898885
1.300000 0.110189 0.169627 -0.083257 0.064853 -0.105481 -0.399783 0.908208
1.400000 0.116422 0.157638 -0.096384 0.146995 -0.065892 -0.435864 0.885479
1.500000 0.122186 0.145014 -0.099887 -0.196788 -0.165231 -0.429721 0.865629
1.600000 0.127459 0.131806 -0.093415 -0.113531 0.056883 -0.488860 0.863071
1.700000 0.132218 0.118068 -0.077615 -0.070899 -0.114824 -0.502521 0.853968
1.800000 0.136445 0.103854 -0.054064 0.153119 -0.069419 -0.543898 0.822138
1.900000 0.140122 0.089222 -0.025115 0.057809 -0.011939 -0.567506 0.821250
2.000000 0.143235 0.074230 0.006342 0.072516 -0.058553 -0.592052 0.800492
2.100000 0.145772 0.058940 0.037166 -0.036076 -0.108644 -0.609315 0.784621
2.200000 0.147721 0.043412 0.064279 0.001553 0.035857 -0.641882 0.765963
2.300000 0.149076 0.027710 0.084973 -0.028517 -0.059856 -0.664132 0.744670
2.400000 0.149830 0.011895 0.097181 0.081977 0.171502 -0.668596 0.718920
2.500000 0.149981 -0.003966 0.099685 0.076764 -0.032365 -0.711892 0.697330
2.600000 0.149528 -0.019812 0.092235 -0.024741 0.120118 -0.724158 0.678642
2.700000 0.148473 -0.035579 0.075575 0.019724 0.163649 -0.736982 0.655506
2.800000 0.146820 -0.051202 0.051368 -0.082602 0.010154 -0.775422 0.625934
2.900000 0.144576 -0.066618 0.022031 -0.216569 0.134913 -0.773193 0.580576
3.000000 0.141750 -0.081767 -0.009506 0.100297 -0.074980 -0.807952 0.575789
3.100000 0.138353 -0.096586 -0.040093 0.087761 0.081031 -0.828430 0.547208
3.200000 0.134399 -0.111017 -0.066677 -0.107348 -0.048750 -0.847191 0.518042
3.300000 0.129904 -0.125000 -0.086603 0.088097 -0.085892 -0.857617 0.499354
3.400000 0.124885 -0.138480 -0.097880 -0.118932 0.092997 -0.869509 0.470277
3.500000 0.119364 -0.151402 -0.099384 -0.008881 0.002172 -0.895964 0.444032
3.600000 0.113362 -0.163715 -0.090963 -0.009665 0.029541 -0.908992 0.415652
3.700000 0.106904 -0.175369 -0.073459 0.084147 0.129639 -0.912900 0.377791
3.800000 0.100015 -0.186316 -0.048620 0.034385 0.013536 -0.933752 0.356007
3.900000 0.092724 -0.196513 -0.018925 -0.047428 0.092902 -0.938044 0.330444
4.000000 0.085059 -0.205919 0.012659 0.022846 0.082274 -0.951348 0.296050
4.100000 0.077052 -0.214496 0.042979 0.013046 0.100906 -0.958453 0.266488
4.200000 0.068734 -0.222209 0.069008 0.064106 0.032271 -0.969903 0.232674
4.300000 0.060140 -0.229027 0.088145 0.127270 0.150202 -0.962902 0.184557
4.400000 0.051303 -0.234923 0.098481 0.080320 -0.099105 -0.975319 0.180223
4.500000 0.042260 -0.239873 0.098982 -0.080892 -0.034074 -0.986481 0.138383
4.600000 0.033047 -0.243857 0.089599 0.006903 0.000989 -0.993816 0.110824
4.700000 0.023700 -0.246860 0.071269 -0.105181 0.011389 -0.991235 0.079125
4.800000 0.014258 -0.248868 0.045823 -0.093378 0.073795 -0.991423 0.053987
4.900000 0.004759 -0.249874 0.015800 -0.002004 -0.088759 -0.995927 0.015750
5.000000 -0.004759 -0.249874 -0.015800 -0.133140 -0.013635 0.990853 0.017273
5.100000 -0.014258 -0.248868 -0.045823 0.069868 -0.058916 0.994877 0.043205
5.200000 -0.023700 -0.246860 -0.071269 -0.041396 0.114676 0.989713 0.074858
5.300000 -0.033047 -0.243857 -0.089599 0.021733 -0.017308 0.993498 0.110412
5.400000 -0.042260 -0.239873 -0.098982 -0.088958 -0.064452 0.983107 0.146403
5.500000 -0.051303 -0.234923 -0.098481 0.097854 -0.008656 0.980464 0.170412
5.600000 -0.060140 -0.229027 -0.088145 0.012368 -0.072941 0.976077 0.204451
5.700000 -0.068734 -0.222209 -0.069008 -0.023634 -0.106042 0.964939 0.238932
5.800000 -0.077052 -0.214496 -0.042979 -0.148192 0.184841 0.941772 0.238617
5.900000 -0.085059 -0.205919 -0.012659 -0.169314 0.096753 0.942130 0.272694
6.000000 -0.092724 -0.196513 0.018925 -0.015860 0.022906 0.944700 0.326751
6.100000 -0.100015 -0.186316 0.048620 0.159265 -0.055365 0.925749 0.338465
6.200000 -0.106904 -0.175369 0.073459 0.088627 -0.044512 0.919683 0.379931
6.300000 -0.113362 -0.163715 0.090963 0.090510 0.024472 0.906216 0.412288
6.400000 -0.119364 -0.151402 0.099384 -0.212064 -0.029697 0.881362 0.421127
6.500000 -0.124885 -0.138480 0.097880 0.101705 -0.076894 0.877183 0.462918
6.600000 -0.129904 -0.125000 0.086603 0.045414 -0.206442 0.839794 0.500065
6.700000 -0.134399 -0.111017 0.066677 0.080638 -0.098371 0.843938 0.521142
6.800000 -0.138353 -0.096586 0.040093 -0.080541 -0.018738 0.830965 0.550145
6.900000 -0.141750 -0.081767 0.009506 0.034535 0.066417 0.810967 0.580283
7.000000 -0.144576 -0.066618 -0.022031 0.073374 0.104990 0.786285 0.604442
7.100000 -0.146820 -0.051202 -0.051368 0.103200 0.069306 0.771013 0.624568
7.200000 -0.148473 -0.035579 -0.075575 -0.042671 -0.015784 0.755414 0.653667
7.300000 -0.149528 -0.019812 -0.092235 0.039542 -0.020018 0.734306 0.677370
7.400000 -0.149981 -0.003966 -0.099685 -0.040553 0.065521 0.709673 0.700305
7.500000 -0.149830 0.011895 -0.097181 0.000490 -0.169964 0.669364 0.723232
7.600000 -0.149076 0.027710 -0.084973 -0.046527 0.007514 0.666780 0.743762
7.700000 -0.147721 0.043412 -0.064279 0.045611 -0.060743 0.639951 0.764652
7.800000 -0.145772 0.058940 -0.037166 -0.062589 -0.126405 0.608801 0.780682
7.900000 -0.143235 0.074230 -0.006342 0.002806 0.084940 0.588036 0.804358
8.000000 -0.140122 0.089222 0.025115 -0.108759 0.001418 0.568218 0.815658
8.100000 -0.136445 0.103854 0.054064 0.042525 -0.113468 0.530679 0.838866
8.200000 -0.132218 0.118068 0.077615 -0.083320 0.074521 0.508453 0.853803
8.300000 -0.127459 0.131806 0.093415 -0.059439 0.011570 0.486251 0.871718
8.400000 -0.122186 0.145014 0.099887 0.051775 0.087572 0.456384 0.883948
8.500000 -0.116422 0.157638 0.096384 0.058282 0.083004 0.429116 0.897537
8.600000 -0.110189 0.169627 0.083257 0.013726 -0.015995 0.400682 0.915975
8.700000 -0.103512 0.180934 0.061816 0.001103 -0.068265 0.369248 0.926820
8.800000 -0.096418 0.191511 0.034202 -0.078358 -0.209555 0.333773 0.915720
8.900000 -0.088936 0.201318 0.003173 0.013904 0.056654 0.311255 0.948534
9.000000 -0.081096 0.210313 -0.028173 -0.073692 0.004645 0.282093 0.956541
9.100000 -0.072930 0.218462 -0.056706 -0.126806 0.040273 0.247989 0.959583
9.200000 -0.064469 0.225732 -0.079576 -0.002213 0.172475 0.210332 0.962293
9.300000 -0.055749 0.232092 -0.094500 0.025203 0.034139 0.189769 0.980911
9.400000 -0.046805 0.237518 -0.099987 -0.028579 0.162298 0.147437 0.975246
9.500000 -0.037672 0.241987 -0.095490 -0.025092 -0.070653 0.127398 0.989014
9.600000 -0.028388 0.245482 -0.081458 0.096398 0.068251 0.101305 0.987819
9.700000 -0.018989 0.247989 -0.059291 -0.083123 -0.003440 0.063925 0.994481
9.800000 -0.009514 0.249497 -0.031203 -0.025243 0.048309 0.030409 0.998050
9.900000 -0.000000 0.250000 -0.000000 -0.011792 -0.026482 0.000312 0.999580
