02530170824148
02530204187482
02530237512169
02530270836805
02530304161440
02530337524825
02530370849461
02530404174148
02530437537482
02530470862117
02530504186805
02530537530815
02530570855450
02530604180138
02530637504825
02530670887482
02530704212169
02530737536805
02530770880815
02530804205450
02530837530138
02530870874148
02530904198784
02530937523471
02530970886805
02531004211440
02531037536128
02531070880138
02531104204825
02531137529461
02531170873471
02531204198159
02531237522794
02531270886128
02531304210815
02531337535450
02531370879461
02531404204148
02531437528784
02531470872794
02531504197482
02531537522169
02531570885450
02531604210138
02531637534825
02531670859461
02531704203471
02531737528159
02531770852794
02531804216128
02531837540815
02531870865450
02531904190138
02531937553471
02531970878159
02532004202794
02532037546805
02532070871440
02532104196128
02532137540138
02532170864825
02532204189461
02532237552794
02532270877482
02532304202117
02532337526805
02532370870815
02532404195450
02532437520138
02532470864148
02532504188784
02532537513471
02532570838159
02532604201440
02532637526128
02532670850815
02532704194825
02532737519461
02532770844148
02532804188159
02532837512794
02532870837482
02532904162117
02532937525450
02532970850138
02533004174825
02533037538159
02533070862794
02533104187482
02533137550815
02533170875450
02533204200138
02533237544148
02533270868784
02533304193471
02533337537482
02533370862169
02533404186805
02533437530815
02533470855450
02533504180138
02533537543471
02533570868159
02533604192794
02533637536805
02533670861440
02533704186128
02533737510815
02533770854825
02533804179461
02533837504148
02533870867482
02533904192117
02533937516805
02533970860815
02534004185450
02534037510138
02534070854148
02534104178784
02534137503471
02534170866805
02534204191440
02534237516128
02534270840815
02534304184825
02534337509461
02534370834148
02534404178159
02534437502794
02534470827482
02534504171440
02534537496128
02534570820815
02534604145450
02534637508784
02534670833471
02534704158159
02534737521440
02534770846128
02534804170815
02534837514825
02534870839461
02534904164148
02534937508159
02534970832794
02535004157482
02535037501440
02535070826128
02535104150815
02535137514148
02535170838784
02535204163471
02535237507482
02535270832169
02535304156805
02535337481440
02535370825450
02535404150138
02535437474825
02535470838159
02535504162794
02535537487482
02535570850815
02535604175450
02535637500138
02535670844148
02535704168784
02535737493471
02535770837482
02535804162117
02535837486805
02535870811440
02535904174825
02535937499461
02535970824148
02536004168159
02536037492794
02536070817482
02536104180815
02536137505450
02536170830138
02536204174148
02536237498784
02536270823471
02536304167482
02536337492169
02536370816805
02536404180138
02536437504825
02536470829461
02536504173471
02536537498159
02536570822794
02536604186128
02536637510815
02536670835450
02536704179461
02536737504148
02536770828784
02536804172794
02536837497482
02536870822169
02536904185450
02536937510138
02536970834825
02537004178784
02537037503471
02537070828159
02537104172169
02537137496805
02537170821440
02537204146128
02537237509461
02537270834148
02537304158784
02537337502794
02537370827482
02537404152117
02537437476805
02537470859461
02537504184148
02537537508784
02537570872117
02537604196805
02537637521440
02537670865450
02537704190138
02537737514825
02537770858784
02537804183471
02537837508159
02537870871440
02537904196128
02537937520815
02537970864825
02538004189461
02538037514148
02538070838784
02538104202169
02538137526805
02538170851440
02538204195450
02538237520138
02538270844825
02538304188784
02538337513471
02538370838159
02538404162794
02538437526128
02538470850815
02538504175450
02538537519461
02538570844148
02538604168784
02538637512794
02538670837482
02538704162117
02538737525450
02538770850138
02538804174825
02538837538159
02538870862794
02538904187482
02538937531440
02538970856128
02539004180815
02539037524825
02539070849461
02539104174148
02539137537482
02539170862169
02539204186805
02539237530815
02539270855450
02539304180138
02539337524148
02539370848784
02539404173471
02539437498159
02539470861440
02539504186128
02539537510815
02539570854825
02539604179461
02539637504148
02539670848159
02539704172794
02539737497482
02539770860815
02539804185450
02539837510138
02539870834825
02539904178784
02539937503471
02539970828159
02540004172169
02540037496805
02540070821440
02540104184825
02540137509461
02540170834148
02540204178159
02540237502794
02540270827482
02540304171440
02540337496128
02540370820815
02540404184148
02540437508784
02540470833471
02540504177482
02540537502169
02540570826805
02540604170815
02540637495450
02540670820138
02540704183471
02540737508159
02540770832794
02540804176805
02540837501440
02540870826128
02540904150815
02540937494825
02540970819461
02541004144148
02541037507482
02541070832169
02541104156805
02541137500815
02541170825450
02541204150138
02541237494148
02541270818784
02541304143471
02541337506805
02541370831440
02541404156128
02541437500138
02541470824825
02541504149461
02541537512794
02541570837482
02541604162169
02541637506128
02541670830815
02541704155450
02541737518784
02541770843471
02541804168159
02541837512169
02541870836805
02541904161440
02541937505450
02541970830138
02542004154825
02542037518159
02542070842794
02542104167482
02542137511440
02542170836128
02542204160815
02542237524148
02542270848784
02542304173471
02542337517482
02542370842169
02542404166805
02542437510815
02542470835450
02542504160138
02542537484825
02542570848159
02542604172794
02542637497482
02542670841440
02542704166128
02542737490815
02542770834825
02542804159461
02542837484148
02542870847482
02542904172169
02542937496805
02542970840815
02543004165450
02543037490138
02543070834148
02543104158784
02543137483471
02543170808159
02543204190815
02543237515450
02543270840138
02543304184148
02543337508784
02543370833471
02543404177482
02543437502169
02543470826805
02543504190138
02543537514825
02543570839461
02543604202794
02543637527482
02543670852169
02543704176805
02543737520815
02543770845450
02543804170138
02543837514148
02543870838784
02543904163471
02543937526805
02543970851440
02544004176128
02544037520138
02544070844825
02544104169461
02544137532794
02544170857482
02544204182169
02544237545450
02544270870138
02544304194825
02544337538784
02544370863471
02544404188159
02544437532117
02544470856805
02544504181440
02544537544825
02544570869461
02544604194148
02544637518784
02544670862794
02544704187482
02544737512169
02544770856128
02544804180815
02544837505450
02544870868784
02544904193471
02544937518159
02544970862169
02545004186805
02545037511440
02545070874825
02545104199461
02545137524148
02545170848784
02545204192794
02545237517482
02545270842169
02545304186128
02545337510815
02545370835450
02545404198784
02545437523471
02545470848159
02545504192117
02545537516805
02545570841440
02545604185450
02545637510138
02545670834825
02545704198159
02545737522794
02545770847482
02545804172169
02545837535450
02545870860138
02545904184825
02545937528784
02545970853471
02546004178159
02546037541440
02546070866128
02546104190815
02546137534825
02546170859461
02546204184148
02546237528159
02546270852794
02546304177482
02546337502169
02546370865450
02546404190138
02546437514825
02546470858784
02546504183471
02546537508159
02546570852169
02546604176805
02546637501440
02546670864825
02546704189461
02546737514148
02546770838784
02546804182794
02546837507482
02546870832169
02546904176128
02546937500815
02546970825450
02547004188784
02547037513471
02547070838159
02547104162794
02547137545450
02547170870138
02547204194825
02547237538784
02547270863471
02547304188159
02547337512794
02547370856805
02547404181440
02547437506128
02547470869461
02547504194148
02547537518784
02547570862794
02547604187482
02547637512169
02547670836805
02547704200138
02547737524825
02547770849461
02547804193471
02547837518159
02547870842794
02547904186805
02547937511440
02547970836128
02548004199461
02548037524148
02548070848784
02548104173471
02548137517482
02548170842169
02548204166805
02548237510815
02548270835450
02548304160138
02548337523471
02548370848159
02548404172794
02548437516805
02548470841440
02548504166128
02548537529461
02548570854148
02548604178784
02548637522794
02548670847482
02548704172169
02548737496805
02548770840815
02548804165450
02548837490138
02548870834148
02548904158784
02548937483471
02548970846805
02549004171440
02549037496128
02549070840138
02549104164825
02549137489461
02549170852794
02549204177482
02549237502169
02549270846128
02549304170815
02549337495450
02549370820138
02549404202794
02549437527482
02549470852169
02549504196128
02549537520815
02549570845450
02549604170138
02549637533471
02549670858159
02549704182794
02549737526805
02549770851440
02549804176128
02549837520138
02549870844825
02549904169461
02549937532794
02549970857482
02550004182169
02550037526128
02550070850815
02550104175450
02550137519461
02550170844148
02550204168784
02550237532169
02550270856805
02550304181440
02550337506128
02550370850138
02550404174825
02550437499461
02550470843471
02550504168159
02550537492794
02550570836805
02550604161440
02550637486128
02550670849461
02550704174148
02550737498784
02550770842794
02550804167482
02550837492117
02550870836128
02550904160815
02550937485450
02550970848784
02551004173471
02551037498159
02551070861440
02551104186128
02551137510815
02551170854825
02551204179461
02551237504148
02551270848159
02551304172794
02551337497482
02551370860815
02551404185450
02551437510138
02551470834825
02551504178784
02551537503471
02551570828159
02551604172117
02551637496805
02551670821440
02551704184825
02551737509461
02551770834148
02551804178159
02551837502794
02551870827482
02551904171440
02551937496128
02551970820815
02552004184148
02552037508784
02552070833471
02552104158159
02552137521440
02552170846128
02552204170815
02552237514825
02552270839461
02552304164148
02552337508159
02552370832794
02552404157482
02552437520815
02552470845450
02552504170138
02552537494825
02552570838784
02552604163471
02552637488159
02552670870815
02552704195450
02552737520138
02552770864148
02552804188784
02552837513471
02552870838159
02552904182117
02552937506805
02552970831440
02553004194825
02553037519461
02553070844148
02553104188159
02553137512794
02553170837482
02553204200815
02553237525450
02553270850138
02553304194148
02553337518784
02553370843471
02553404187482
02553437512117
02553470836805
02553504200138
02553537524825
02553570849461
02553604193471
02553637518159
02553670842794
02553704167482
02553737511440
02553770836128
02553804160815
02553837524148
02553870848784
02553904173471
02553937517482
02553970842117
02554004166805
02554037510815
02554070835450
02554104160138
02554137484825
02554170828784
02554204153471
02554237478159
02554270841440
02554304166128
02554337490815
02554370854148
02554404178784
02554437503471
02554470847482
02554504172117
02554537496805
02554570840815
02554604165450
02554637490138
02554670853471
02554704178159
02554737502794
02554770846805
02554804171440
02554837496128
02554870820815
02554904164825
02554937489461
02554970814148
02555004177482
02555037502117
02555070826805
02555104170815
02555137495450
02555170820138
02555204164148
02555237488784
02555270813471
02555304176805
02555337501440
02555370826128
02555404170138
02555437494825
02555470819461
02555504163471
02555537488159
02555570812794
02555604156805
02555637481440
02555670806128
02555704150138
02555737474825
02555770799461
02555804124148
02555837487482
02555870812117
02555904136805
02555937480815
02555970805450
02556004130138
02556037474148
02556070798784
02556104123471
02556137486805
02556170811440
02556204136128
02556237480138
02556270804825
02556304129461
02556337473471
02556370798159
02556404122794
02556437486128
02556470810815
02556504135450
02556537498784
02556570823471
02556604148159
02556637492169
02556670816805
02556704141440
02556737466128
02556770810138
02556804134825
02556837459461
02556870842169
02556904166805
02556937491440
02556970835450
02557004160138
02557037484825
02557070809461
02557104172794
02557137497482
02557170822169
02557204166128
02557237490815
02557270815450
02557304159461
02557337484148
02557370808784
02557404133471
02557437496805
02557470821440
02557504146128
02557537490138
02557570814825
02557604139461
02557637483471
02557670808159
02557704132794
02557737496128
02557770820815
02557804145450
02557837489461
02557870814148
02557904138784
02557937482794
02557970807482
02558004132169
02558037495450
02558070820138
02558104144825
02558137488784
02558170813471
02558204138159
02558237462794
02558270806805
02558304131440
02558337456128
02558370819461
02558404144148
02558437468784
02558470812794
02558504137482
02558537462169
02558570806128
02558604130815
02558637455450
02558670799461
02558704124148
02558737448784
02558770773471
02558804117482
02558837442169
02558870766805
02558904130138
02558937454825
02558970779461
02559004162169
02559037486805
02559070811440
02559104155450
02559137480138
02559170804825
02559204168159
02559237492794
02559270817482
02559304161440
02559337486128
02559370810815
02559404154825
02559437479461
02559470804148
02559504148159
02559537472794
02559570797482
02559604160815
02559637485450
02559670810138
02559704154148
02559737478784
02559770803471
02559804147482
02559837472169
02559870796805
02559904160138
02559937484825
02559970809461
02560004172794
02560037497482
02560070822169
02560104166128
02560137490815
02560170815450
02560204159461
02560237484148
02560270808784
02560304133471
02560337496805
02560370821440
02560404146128
02560437509461
02560470834148
02560504158784
02560537502794
02560570827482
02560604152169
02560637496128
02560670820815
02560704145450
02560737508784
02560770833471
02560804158159
02560837502117
02560870826805
02560904151440
02560937495450
02560970820138
02561004144825
02561037508159
02561070832794
02561104157482
02561137501440
02561170826128
02561204150815
02561237514148
02561270838784
02561304163471
02561337507482
02561370832117
02561404156805
02561437481440
02561470825450
02561504150138
02561537474825
02561570838159
02561604162794
02561637487482
02561670831440
02561704156128
02561737480815
02561770805450
02561804149461
02561837474148
02561870798784
02561904162169
02561937486805
02561970811440
02562004155450
02562037480138
02562070804825
02562104148784
02562137473471
02562170798159
02562204122794
02562237486128
02562270810815
02562304135450
02562337479461
02562370804148
02562404128784
02562437453471
02562470816805
02562504141440
02562537466128
02562570829461
02562604154148
02562637478784
02562670842117
02562704166805
02562737491440
02562770816128
02562804160138
02562837484825
02562870809461
02562904153471
02562937478159
02562970802794
02563004166128
02563037490815
02563070815450
02563104140138
02563137503471
02563170828159
02563204152794
02563237496805
02563270821440
02563304146128
02563337490138
02563370814825
02563404139461
02563437502794
02563470827482
02563504152117
02563537496128
02563570820815
02563604145450
02563637470138
02563670814148
02563704138784
02563737463471
02563770826805
02563804151440
02563837476128
02563870800815
02563904144825
02563937469461
02563970794148
02564004138159
02564037462794
02564070787482
02564104131440
02564137456128
02564170780815
02564204144148
02564237468784
02564270793471
02564304137482
02564337462169
02564370786805
02564404111440
02564437494148
02564470818784
02564504143471
02564537487482
02564570812169
02564604136805
02564637500138
02564670824825
02564704149461
02564737474148
02564770818159
02564804142794
02564837467482
02564870830815
02564904155450
02564937480138
02564970824148
02565004148784
02565037473471
02565070817482
02565104142169
02565137466805
02565170830138
02565204154825
02565237479461
02565270804148
02565304148159
02565337472794
02565370797482
02565404141440
02565437466128
02565470790815
02565504154148
02565537478784
02565570803471
02565604147482
02565637472169
02565670796805
02565704140815
02565737465450
02565770790138
02565804153471
02565837478159
02565870802794
02565904166128
02565937490815
02565970815450
02566004140138
02566037484148
02566070808784
02566104133471
02566137477482
02566170802169
02566204126805
02566237490138
02566270814825
02566304139461
02566337464148
02566370827482
02566404152169
02566437476805
02566470820815
02566504145450
02566537470138
02566570814148
02566604138784
02566637463471
02566670826805
02566704151440
02566737476128
02566770820138
02566804144825
02566837469461
02566870813471
02566904138159
02566937462794
02566970826128
02567004150815
02567037475450
02567070819461
02567104144148
02567137468784
02567170812794
02567204137482
02567237462169
02567270786805
02567304150138
02567337474825
02567370799461
02567404143471
02567437468159
02567470792794
02567504156128
02567537480815
02567570805450
02567604149461
02567637474148
02567670798784
02567704162169
02567737486805
02567770811440
02567804155450
02567837480138
02567870804825
02567904148784
02567937473471
02567970798159
02568004122794
02568037486128
02568070810815
02568104135450
02568137479461
02568170804148
02568204128784
02568237492169
02568270816805
02568304141440
02568337485450
02568370810138
02568404134825
02568437459461
02568470803471
02568504128159
02568537452794
02568570796805
02568604121440
02568637446128
02568670828784
02568704153471
02568737478159
02568770822117
02568804146805
02568837471440
02568870815450
02568904140138
02568937464825
02568970789461
02569004133471
02569037458159
02569070782794
02569104146128
02569137470815
02569170795450
02569204139461
02569237464148
02569270788784
02569304152169
02569337476805
02569370801440
02569404126128
02569437470138
02569470794825
02569504119461
02569537463471
02569570788159
02569604112794
02569637437482
02569670800815
02569704125450
02569737450138
02569770794148
02569804118784
02569837443471
02569870806805
02569904131440
02569937456128
02569970819461
02570004144148
02570037468784
02570070812794
02570104137482
02570137462117
02570170825450
02570204150138
02570237474825
02570270818784
02570304143471
02570337468159
02570370812117
02570404136805
02570437461440
02570470805450
02570504130138
02570537454825
02570570818159
02570604142794
02570637467482
02570670811440
02570704136128
02570737460815
02570770824148
02570804148784
02570837473471
02570870817482
02570904142169
02570937466805
02570970810815
02571004135450
02571037460138
02571070823471
02571104148159
02571137472794
02571170816805
02571204141440
02571237466128
02571270810138
02571304134825
02571337459461
02571370822794
02571404147482
02571437472117
02571470796805
02571504140815
02571537465450
02571570790138
02571604153471
02571637478159
02571670802794
02571704146805
02571737471440
02571770796128
02571804140138
02571837464825
02571870789461
02571904152794
02571937477482
02571970802169
02572004146128
02572037470815
02572070795450
02572104158784
02572137483471
02572170808159
02572204152117
02572237476805
02572270801440
02572304145450
02572337470138
02572370794825
02572404158159
02572437482794
02572470807482
02572504151440
02572537476128
02572570800815
02572604144825
02572637469461
02572670794148
02572704157482
02572737482169
02572770806805
02572804150815
02572837475450
02572870800138
02572904144148
02572937468784
02572970793471
02573004156805
02573037481440
02573070806128
02573104150138
02573137474825
02573170799461
02573204143471
02573237468159
02573270792794
02573304156128
02573337480815
02573370805450
02573404149461
02573437474148
02573470798784
02573504123471
02573537467482
02573570792169
02573604116805
02573637480138
02573670804825
02573704129461
02573737473471
02573770798159
02573804122794
02573837486128
02573870810815
02573904135450
02573937479461
02573970804148
02574004128784
02574037453471
02574070797482
02574104122117
02574137446805
02574170810138
02574204134825
02574237459461
02574270803471
02574304128159
02574337452794
02574370796805
02574404121440
02574437446128
02574470770815
02574504134148
02574537458784
02574570783471
02574604127482
02574637452169
02574670776805
02574704120815
02574737445450
02574770770138
02574804133471
02574837458159
02574870782794
02574904107482
02574937451440
02574970776128
02575004100815
02575037444825
02575070769461
02575104094148
02575137457482
02575170782169
02575204106805
02575237450815
02575270775450
02575304100138
02575337463471
02575370788159
02575404112794
02575437437482
02575470800815
02575504125450
02575537450138
02575570813471
02575604138159
02575637462794
02575670787482
02575704131440
02575737456128
02575770780815
02575804124825
02575837449461
02575870774148
02575904137482
02575937462169
02575970786805
02576004150138
02576037474825
02576070799461
02576104124148
02576137468159
02576170792794
02576204117482
02576237480815
02576270805450
02576304130138
02576337493471
02576370818159
02576404142794
02576437467482
02576470811440
02576504136128
02576537460815
02576570804825
02576604129461
02576637454148
02576670817482
02576704142117
02576737466805
02576770830138
02576804154825
02576837479461
02576870842794
02576904167482
02576937492169
02576970836128
02577004160815
02577037485450
02577070829461
02577104154148
02577137478784
02577170842169
02577204166805
02577237491440
02577270835450
02577304160138
02577337484825
02577370809461
02577404153471
02577437478159
02577470802794
02577504166128
02577537490815
02577570815450
02577604159461
02577637484148
02577670808784
02577704152794
02577737477482
02577770802169
02577804165450
02577837490138
02577870814825
02577904158784
02577937483471
02577970808159
02578004171440
02578037496128
02578070820815
02578104145450
02578137489461
02578170814148
02578204138784
02578237482794
02578270807482
02578304132169
02578337495450
02578370820138
02578404144825
02578437488784
02578470813471
02578504138159
02578537462794
02578570806805
02578604131440
02578637456128
02578670819461
02578704144148
02578737468784
02578770793471
02578804156805
02578837481440
02578870806128
02578904169461
02578937494148
02578970818784
02579004162794
02579037487482
02579070812169
02579104156128
02579137480815
02579170805450
02579204168784
02579237493471
02579270818159
02579304181440
02579337506128
02579370830815
02579404174825
02579437499461
02579470824148
02579504168159
02579537492794
02579570817482
02579604142169
02579637505450
02579670830138
02579704154825
02579737518159
02579770842794
02579804167482
02579837511440
02579870836128
02579904160815
02579937504825
02579970829461
02580004154148
02580037498159
02580070822794
02580104147482
02580137510815
02580170835450
02580204160138
02580237504148
02580270828784
02580304153471
02580337497482
02580370822117
02580404146805
02580437471440
02580470834825
02580504159461
02580537484148
02580570828159
02580604152794
02580637477482
02580670821440
02580704146128
02580737470815
02580770834148
02580804158784
02580837483471
02580870808159
02580904152169
02580937476805
02580970801440
02581004145450
02581037470138
02581070794825
02581104119461
02581137502169
02581170826805
02581204151440
02581237514825
02581270839461
02581304164148
02581337508159
02581370832794
02581404157482
02581437501440
02581470826128
02581504150815
02581537514148
02581570838784
02581604163471
02581637488159
02581670851440
02581704176128
02581737500815
02581770864148
02581804188784
02581837513471
02581870838159
02581904182117
02581937506805
02581970831440
02582004175450
02582037500138
02582070824825
02582104188159
02582137512794
02582170837482
02582204162169
02582237506128
02582270830815
02582304155450
02582337518784
02582370843471
02582404168159
02582437531440
02582470856128
02582504180815
02582537524825
02582570849461
02582604174148
02582637518159
02582670842794
02582704167482
02582737530815
02582770855450
02582804180138
02582837504825
02582870848784
02582904173471
02582937498159
02582970842169
02583004166805
02583037491440
02583070854825
02583104179461
02583137504148
02583170867482
02583204192169
02583237516805
02583270841440
02583304185450
02583337510138
02583370834825
02583404198159
02583437522794
02583470847482
02583504191440
02583537516128
02583570840815
02583604184825
02583637509461
02583670834148
02583704158784
02583737541440
02583770866128
02583804190815
02583837534825
02583870859461
02583904184148
02583937547482
02583970872169
02584004196805
02584037560138
02584070884825
02584104209461
02584137553471
02584170878159
02584204202794
02584237546805
02584270871440
02584304196128
02584337520815
02584370884148
02584404208784
02584437533471
02584470896805
02584504221440
02584537546128
02584570890138
02584604214825
02584637539461
02584670864148
02584704227482
02584737552169
02584770876805
02584804220815
02584837545450
02584870870138
02584904214148
02584937538784
02584970863471
02585004226805
02585037551440
02585070876128
02585104200815
02585137544825
02585170869461
02585204194148
02585237538159
02585270862794
02585304187482
02585337550815
02585370875450
02585404200138
02585437544148
02585470868784
02585504193471
02585537537482
02585570862169
02585604186805
02585637550138
02585670874825
02585704199461
02585737524148
02585770887482
02585804212169
02585837536805
02585870880815
02585904205450
02585937530138
02585970874148
02586004198784
02586037523471
02586070886805
02586104211440
02586137536128
02586170880138
02586204204825
02586237529461
02586270854148
02586304217482
02586337542169
02586370866805
02586404210815
02586437535450
02586470860138
02586504184825
02586537567482
02586570892169
02586604216805
02586637560815
02586670885450
02586704210138
02586737534825
02586770878784
02586804203471
02586837528159
02586870891440
02586904216128
02586937540815
02586970865450
02587004228784
02587037553471
02587070878159
02587104241440
02587137566128
02587170890815
02587204234825
02587237559461
02587270884148
02587304228159
02587337552794
02587370877482
02587404202169
02587437565450
02587470890138
02587504214825
02587537558784
02587570883471
02587604208159
02587637552169
02587670876805
02587704201440
02587737564825
02587770889461
02587804214148
02587837558159
02587870882794
02587904207482
02587937551440
02587970876128
02588004200815
02588037564148
02588070888784
02588104213471
02588137538159
02588170882117
02588204206805
02588237531440
02588270875450
02588304200138
02588337524825
02588370868784
02588404193471
02588437518159
02588470881440
02588504206128
02588537530815
02588570855450
02588604199461
02588637524148
02588670848784
02588704231440
02588737556128
02588770880815
02588804205450
02588837549461
02588870874148
02588904198784
02588937542794
02588970867482
02589004192169
02589037555450
02589070880138
02589104204825
02589137548784
02589170873471
02589204198159
02589237561440
02589270886128
02589304210815
02589337535450
02589370879461
02589404204148
02589437528784
02589470872794
02589504197482
02589537522169
02589570885450
02589604210138
02589637534825
02589670859461
02589704203471
02589737528159
02589770852794
02589804216128
02589837540815
02589870865450
02589904209461
02589937534148
02589970858784
02590004202794
02590037527482
02590070852169
02590104215450
02590137540138
02590170864825
02590204189461
02590237533471
02590270858159
02590304182794
02590337526805
02590370851440
02590404176128
02590437500815
02590470883471
02590504208159
02590537532794
02590570896128
02590604220815
02590637545450
02590670889461
02590704214148
02590737538784
02590770902169
02590804226805
02590837551440
02590870876128
02590904220138
02590937544825
02590970869461
02591004213471
02591037538159
02591070862794
02591104226128
02591137550815
02591170875450
02591204219461
02591237544148
02591270868784
02591304212794
02591337537482
02591370862117
02591404225450
02591437550138
02591470874825
02591504218784
02591537543471
02591570868159
02591604212169
02591637536805
02591670861440
02591704186128
02591737549461
02591770874148
02591804198784
02591837542794
02591870867482
02591904192169
02591937536128
02591970860815
02592004185450
02592037548784
02592070873471
02592104198159
02592137542117
02592170866805
02592204191440
02592237535450
02592270860138
02592304184825
02592337528784
02592370853471
02592404178159
02592437502794
02592470885450
02592504210138
02592537534825
02592570878784
02592604203471
02592637528159
02592670852794
02592704216128
02592737540815
02592770865450
02592804209461
02592837534148
02592870858784
02592904202794
02592937527482
02592970852169
02593004215450
02593037540138
02593070864825
02593237526805
02593270851440
02593304214825
02593337539461
02593370864148
02593404208159
02593437532794
02593470857482
02593504182169
02593537526128
02593570850815
02593604175450
02593637538784
02593670863471
02593704188159
02593737532169
02593770856805
02593804181440
02593837525450
02593870850138
02593904174825
02593937538159
02593970862794
02594004187482
02594037531440
02594070856128
02594104180815
02594137544148
02594170868784
02594204193471
02594237518159
02594270862117
02594304186805
02594337511440
02594370855450
02594404180138
02594437504825
02594470868159
02594504192794
02594537517482
02594570880815
02594604205450
02594637530138
02594670893471
02594704218159
02594737542794
02594770867482
02594804230815
02594837555450
02594870880138
02594904224148
02594937548784
02594970873471
02595004217482
02595037542117
02595070866805
02595104230138
02595137554825
02595170879461
02595204223471
02595237548159
02595270872794
02595304216805
02595337541440
02595370866128
02595404229461
02595437554148
02595470878784
02595504242169
02595537566805
02595570891440
02595604216128
02595637560138
02595670884825
02595704209461
02595737553471
02595770878159
02595804202794
02595837566128
02595870890815
02595904215450
02595937559461
02595970884148
02596004208784
02596037572169
02596070896805
02596104221440
02596137565450
02596170890138
02596204214825
02596237539461
02596270902794
02596304227482
02596337552169
02596370896128
02596404220815
02596437545450
02596470908784
02596504233471
02596537558159
02596570902169
02596604226805
02596637551440
02596670895450
02596704220138
02596737544825
02596770908159
02596804232794
02596837557482
02596870920815
02596904245450
02596937570138
02596970894825
02597004238784
02597037563471
02597070888159
02597104232117
02597137556805
02597170881440
02597204225450
02597237550138
02597270874825
02597304238159
02597337562794
02625504156128
02612770846805
02599104234148
02614970816128
02621437522117
02623037512169
02602704187482
02621470846805
02628004144148
02627904150815
02626004180815
02604170859461
02609737528784
02621570840138
02597570893471
02606970846805
02628770843471
02620670842117
02620470836128
02599270896128
02601604222117
02617004162117
02614870822794
02597504244148
02622870830815
02611970880815
02613904175450
02620870828784
02613937500138
02599470882794
02624737495450
02615370828159
02611537505450
02606870853471
02607104164825
02604804182794
02624504184148
02607704144148
02619304144148
02623904166128
02617604160815
02627637495450
02609137530138
02597370887482
02624570833471
02609404204825
02608770862117
02608804186805
02617537472794
02621904183471
02622804181440
02629404147482
02601237534825
02597770880138
02600737568159
02630070834148
02602337538784
02605904206128
02618670820815
02625204156805
02616404182794
02621804190138
02598937572169
02601304222794
02607470832794
02606437536128
02603570880138
02606470860815
02615837508784
02617837472117
02606737496805
02606504185450
02603604204825
02598137567482
02612104198784
02626804166128
02605004188784
02601037567482
02624004178784
02609237523471
02613737494148
02601204210138
02620037499461
02601770903471
02606804184825
02625837499461
02623370836128
02616737506805
02610604182794
02627770813471
02608004182117
02598637553471
02628204150138
02624937501440
02597737555450
02610070852794
02607837539461
02615304178784
02630470826805
02617937484825
02624270814825
02625037494825
02610270858784
02624170821440
02599670888784
02599837531440
02598804234825
02605237519461
02601537534148
02610170846128
02621104159461
02628804187482
02607770870815
02625137507482
02616837500138
02605504213471
02624037503471
02618470814825
02617270836805
02611304174825
02629170836128
02630037509461
02626504186128
02599604200815
02617437498784
02617304161440
02626837529461
02612604204148
02614304168159
02602637538159
02602237545450
02613770857482
02614604167482
02626737516805
02620437511440
02623070836805
02621337509461
02604004216805
02600337536805
02626404192794
02606837509461
02609937515450
02619370832169
02628704194148
02602904193471
02620937478159
02630504151440
02630170827482
02605437525450
02603170887482
02630570820138
02619437500815
02604904195450
02609437529461
02624637502117
02628504168784
02611170856805
02600070881440
02620370823471
02600470874148
02615704152117
02603670892794
02621637528159
02629504160138
02619537494148
02598970896805
02629604153471
02604437534148
02600937574148
02603437542794
02603504211440
02627570826805
02610870838159
02611837524148
02609570847482
02613137514825
02600570886805
02601670890815
02627837501440
02614504174148
02616204138159
02607270826805
02624837508159
02604970864148
02618337496805
02622304176128
02622737512794
02621304184825
02600504198784
02610504170138
02610404176805
02615804145450
02605670856128
02606270854825
02599437558159
02626437517482
02617970809461
02614437505450
02599070890138
02627737488784
02622104189461
02609904171440
02605604206805
02598037554825
02625237500815
02602870868784
02606670847482
02608237532169
02621404197482
02604237547482
02630337470138
02621037490815
02626370829461
02618004172794
02615637502794
02603070855450
02601004223471
02612804190815
02600370861440
02615604158784
02624604177482
02600437549461
02630870819461
02605970855450
02620237505450
02628137462169
02620104148784
02610737500815
02619404156805
02622337500815
02608270856805
02616270845450
02603904204148
02623704160138
02628104137482
02599804206805
02600670880138
02613670844825
02625804174825
02602670862794
02625070819461
02629204160815
02606070848784
02618104185450
02608704193471
02607037496128
02623470848784
02602604194148
02616137469461
02605270863471
02620004155450
02603870860138
02615770820815
02615037504148
02599570876128
02612904164825
02601170885450
02600637555450
02606104173471
02600537562117
02622537526128
02625637512794
02614037493471
02626470842117
02613704169461
02619337507482
02600970898784
02602404207482
02610970850815
02625670837482
02598270904825
02599904200138
02623004187482
02623437524148
02622137533471
02622970824148
02597404231440
02621504171440
02614404180815
02629670802794
02628070812794
02611437512169
02624470820815
02621137484148
02606937502794
02605704200138
02597904217482
02616804175450
02598370917482
02612404198159
02617504148159
02629437472169
02602037539461
02628237474825
02621970852169
02603237536805
02626970847482
02629470835450
02616437507482
02611604193471
02604504183471
02604070866128
02627004172169
02605770849461
02630304145450
02604937539461
02614637492117
02622604194825
02626170842794
02627437508784
02616570825450
02611070863471
02628470844148
02612237516805
02608104175450
02598104242794
02628437500138
02611870887482
02615170822117
02626770841440
02611570868784
02601704215450
02624304178159
02623104200138
02602104227482
02606404172794
02598770890815
02602804180815
02611037538784
02623504173471
02598470910815
02598870884148
02608337506128
02618404165450
02609037517482
02609604191440
02618370821440
02618737508784
02615070828784
02614837498159
02622770856805
02602004214825
02608604180815
02620970841440
02612737522117
02628337506805
02607570826128
02616870824825
02615570834148
02617737478784
02619170826128
02622370864148
02614270843471
02605337512794
02603804210815
02616337494825
02615737496128
02622237526805
02628837512117
02608070850815
02625004150815
02630204152117
02625904187482
02607437508159
02598304229461
02621170847482
02620204161440
02607937532794
02601137560815
02614904166805
02609170854825
02612270880138
02615237510138
02628537493471
02623870841440
02623404160815
02598604228784
02623237518159
02624870832794
02625870862794
02620570829461
02603737542117
02608537512117
02616770831440
02612837515450
02605637531440
02616237462794
02597637562169
02629737471440
02630104158784
02604570871440
02620637478784
02622470876805
02618604171440
02626570835450
02613070846128
02607904188784
02601570897482
02613337520815
02598237560815
02622204182794
02609270848159
02610904201440
02627104165450
02599937524825
02614237499461
02610037528159
02613870850815
02616970837482
02623304167482
02603470886805
02601637546805
02625970856128
02605204194825
02604737533471
02627204178159
02619104157482
02628570818159
02619570818784
02619237494825
02628404175450
02616604169461
02611137532117
02618304172117
02611337499461
02615937502117
02609837522169
02613170839461
02600037537482
02618904170815
02610437501440
02612337529461
02604304196805
02624137496805
02603370893471
02616004151440
02609770853471
02618070822169
02627404184148
02605837537482
02607804195450
02599404214148
02621937527482
02621704177482
02598904247482
02606570854148
02606604178784
02620404148159
02629104167482
02600137530815
02630637469461
02629837484148
02604704189461
02597937542117
02625337494148
02603204212169
02615970826805
02622570870138
02600004212794
02629137511440
02612004205450
02603537536128
02617670829461
02627504177482
02607370820138
02623637491440
02616704182117
02629070842794
02605137506805
02624070847482
02613104170815
02619504150138
02600704204825
02628037488159
02612470847482
02616537500815
02612570840815
02623670835450
02622504201440
02625104144148
02599204246805
02625937512117
02624437496128
02598737566128
02599170883471
02600270848784
02605570862794
02617870835450
02604104210138
02628604181440
02618870826805
02607870864148
02610837513471
02603970853471
02616904188159
02630270820815
02608137538784
02604637540138
02600604211440
02626237511440
02619037508159
02609070880815
02614004168784
02610370852117
02602270870138
02598004230138
02624237490138
02610704176128
02606637503471
02627137490138
02630737482117
02615337503471
02618237503471
02613837506805
02602970862169
02609104205450
02598704241440
02607637494825
02606704172117
02612504191440
02616104144825
02629570828784
02617337505450
02601470884825
02621070834825
02602504181440
02607304151440
02626637523471
02628637506128
02630770806805
02623170849461
02630437482794
02619137501440
02629937477482
02627537502117
02613970844148
02607204177482
02620137512169
02604670864825
02606370848159
02612970852794
02604404190138
02605537538159
02599770882117
02628904180815
02622404188784
02601437540815
02628270857482
02600170855450
02630537476128
02602770856128
02621237496805
02630804170138
02622170858159
02620304154825
02614704180138
02627304171440
02617170824148
02614537498784
02603270880815
02604837546128
02630404158159
02606337523471
02598837559461
02613604156805
02603837535450
02616504176128
02618137510138
02597804204825
02618537502794
02608304181440
02626870854148
02613304176805
02603037530815
02597704211440
02627270827482
02611637518159
02619737500138
02617704154148
02629037518159
02618970820138
02624204165450
02609670840815
02608037526128
02617370830138
02624970826128
02615137497482
02611004175450
02612704197482
02611237525450
02627604151440
02606004180138
02604204184148
02628870836805
02607537501440
02626937522794
02629237504825
02599304240138
02600837561440
02608937504825
02611937536805
02605404200815
02610304183471
02598670878159
02600770892794
02617804147482
02602570869461
02603637529461
02626137518159
02604370865450
02606037524148
02612170867482
02626904178784
02606770860138
02602204220815
02622937499461
02625537500138
02611904212117
02605804212794
02603337530138
02609470854148
02620070824148
02621837534148
02607237502117
02623137524825
02615270834825
02601504209461
02621870858784
02616037476128
02608837511440
02619637506805
02623337511440
02605870862117
02627870826128
02620270830138
02613570832169
02629270829461
02600870886128
02600104206128
02630370833471
02610770825450
02627470833471
02616370819461
02598537560138
02628170825450
02609537522794
02612204192169
02614570842794
02623737484825
02623770848159
02599970888159
02614770848784
02601904221440
02600204199461
02618504178159
02621270821440
02599737538159
02620804160138
02611504180815
02621370834148
02628670830815
02604537546805
02608637505450
02617770822794
02618937495450
02627170853471
02615504146128
02625770850138
02612537516128
02625404143471
02610470845450
02614670855450
02608737518159
02629370822794
02618037497482
02598170911440
02608504187482
02598437566805
02628970830138
02609804197482
02619904162117
02617237512117
02603404218159
02629004193471
02627704144825
02613370845450
02600804217482
02600237524148
02600904210815
02625704162169
02627370820815
02630837494825
02626704172794
02609004192794
02608870855450
02617904160138
02629970802169
02613404170138
02615870833471
02602137552169
02616304170138
02604870870815
02623937490815
02615004179461
02623204193471
02614170850138
02607404144825
02622070864825
02624404171440
02619704156128
02615470821440
02626070830138
02619270819461
02619970830815
02623570842117
02619470825450
02608470862794
02620770835450
02618704184148
02630604144825
02621204172117
02629637478159
02602537544825
02615670827482
02613204164148
02624804183471
02618270828159
02604470858784
02599237571440
02616470832169
02627337496128
02624337502794
02624537508784
02614070856805
02625370818784
02605937530815
02618204178784
02618570827482
02612870840138
02626604198784
02598204236128
02626670848159
02610004164825
02602437532117
02603704217482
02604037541440
02607070820815
02624704170815
02626337504825
02626304180138
02627070840815
02622837506128
02598570904148
02606904178159
02612670853471
02625570824825
02602837544148
02613504163471
02609204198784
02630004126805
02607004171440
02602470856805
02614804173471
02624904157482
02603137504825
02614204174825
02605037513471
02625737486805
02614937491440
02606137536805
02603104180138
02609970840138
02619004144825
02620337498784
02625604149461
02602737531440
02630137502794
02608970868159
02610537494825
02619837512794
02616070820138
02618837502117
02598337554148
02615404172117
02628737518784
02613037521440
02610804188784
02619670831440
02619204150815
02601970890138
02629337498159
02622270851440
02609337516805
02625437506805
02629704146805
02624670826805
02626037505450
02609304192169
02626270836128
02597537568784
02601737540138
02611804199461
02623270842794
02603304205450
02608437518784
02611470856128
02609504198159
02602170876805
02607504157482
02599870875450
02621004166128
02606204186128
02620904153471
02600404224825
02599504207482
02621737540815
02622670863471
02630237496128
02611770874825
02610570819461
02601804228159
02605370837482
02598504235450
02607604150815
02609870846805
02622437513471
02613237527482
02609637516128
02629770796128
02617204148784
02602304214148
02625304150138
02627237502794
02599370889461
02617070830815
02619937506128
02617104155450
02616670818784
02597604237482
02624104172117
02618170834825
02608670868784
02604337540815
02627804138159
02620837484825
02602370863471
02624370827482
02599037565450
02628304182117
02608570856128
02615104172794
02607737546128
02623804172794
02618637496128
02622037540138
02618804177482
02613004177482
02610637507482
02622904174825
02619770824825
02601370891440
02630670794148
02617470823471
02604270872117
02606170861440
02613804182117
02604137534825
02605304188159
02615204185450
02624770820138
02597670886805
02601270898159
02601837552794
02611404187482
02609704204148
02619804149461
02601404216128
02611737511440
02628370850815
02610337508159
02614104181440
02601937546128
02611270850138
02616937512794
02622704188159
02607670819461
02597870892794
02599337564825
02610237495450
02630704157482
02597470880815
02599704213471
02614337492794
02629904152794
02598404242117
02605737524825
02608404194148
02621604164825
02607970857482
02611704186805
02613637481440
02606537529461
02618437490138
02619070832794
02629304154148
02612037530138
02620537485450
02611670862117
02613437514148
02612370873471
02614370856128
02599137558784
02614137506128
02612137523471
02618770833471
02613270852117
02597970905450
02622004176805
02611204181440
02625470831440
02615904158159
02610104177482
02619604143471
02610204170815
02613470838784
02616170813471
02601104216805
02604770858159
02625170832117
02610670832169
02601337547482
02602070864148
02606237530138
02611104188159
02601870896805
02617637485450
02620737491440
02613537488159
02617037506128
02598070918159
02619870837482
02625270825450
02628937505450
02615437496805
02608170863471
02597837568159
02617404154825
02623604166805
02614737504825
02627037496805
02603004186805
02599637564148
02605470850138
02621670852794
02608904180138
02623970854148
02609370841440
02622637519461
02627970819461
02621770865450
02626204186805
02629870808784
02620170836805
02627670820138
02620504160815
02615537509461
02599004240815
02605070857482
02612637528784
02621537515450
02601070892169
02614470849461
02612304204825
02616637494148
02620704166805
02611370862794
02612937528159
02617570836128
02610137502169
02603937528784
02607137489461
02623837497482
02602937537482
02617137499461
02626537510815
02612437522794
02600304212117
02612070874148
02597437556128
02605104182117
02627937494825
02629804159461
02607337495450
02607170814148
02608204188159
02610937526128
02605170870138
02603770886128
02626104193471
02620604154148
02599537551440
02604604196128
02608370869461
02623537498159
02629537484825